60232
176128
242260
306148
377164
443428
558268
713368
779368
852760
923512
1103956
1172332
1238464
1308292
1368616
1432900
1573876
1634992
1707856
1783624
1963408
2032972
2130784
2236252
2332084
2432932
2524144
2636344
2707888
2752240
2828932
2844772
2940736
2970964
3043564
3098740
3149032
3174904
3243808
3298720
3346504
3432964
3449200
3535000
3631096
3686272
3814840
3909484
4006108
4077256
4209916
4235656
4279876
4369636
4383496
4478272
4493056
4568428
4594696
4687492
4741744
4792300
4841536
4897504
4913344
4999408
5041780
5105404
5198464
5279380
5295880
5369272
5401084
5442928
5468404
5562520
5597896
5680924
5698744
5787448
5870344
5886580
5983336
5998780
6039172
6068476
6162724
6201268
6261460
6374320
6387124
6470812
6484936
6579580
6651784
6679504
6756328
6781804
6850444
6895060
6940468
7046332
7056364
