192760
365152
530284
602224
770524
871372
962848
1040728
1127188
1198732
1265656
1318324
1373896
1426564
1470256
1532560
1620076
1666540
1723432
1772272
1808308
1858336
1918792
1979380
2044984
2082868
2106760
2160484
2201536
2251828
2301724
2321920
2364160
2407720
2449432
2492860
2501572
2547772
2602948
2647300
2691124
2737060
2786956
2850712
2874340
2909056
2948128
2992744
3008848
3047392
3102832
3134512
3153388
3192988
3237472
3258064
3297400
3339508
3353500
3397456
3454612
3523384
3561268
3602056
3623968
3661588
3697624
3737752
3760984
3799132
3837016
3873580
3911596
3948028
3983404
4019572
4055740
4104316
4140616
4177048
4214140
4250572
4289512
4325812
4363300
4397884
4434844
4472068
4508104
4546780
4583872
4621360
4659508
4695676
4727224
4766956
4804180
4840876
4878628
4916908
4956112
4991884
5028976
5081248
5097880
5135896
5172592
5210212
5248492
5271196
5307100
5342344
5377456
5403856
5435404
5471836
5494144
5511832
5549452
5585620
5612680
5647924
5686468
5715112
5747188
5784940
5813188
5838928
5882356
5919976
5945716
5976868
6014752
6046696
6069400
6102664
6137644
6159820
6196516
6237436
6260404
6291556
6331288
6358348
6390424
6427912
6454576
6489952
6528364
6578524
6609280
6645976
6680296
6718708
6752368
6787084
6810844
6850180
6888064
6920404
6962644
7015312
7024816
