1079.4
1079.1
1082.9
1082.9
1082.9
1208.0
1281.0
1343.4
1404.8
1474.6
1563.3
1680.8
1808.6
1882.3
1948.9
2062.5
2198.1
2262.7
2331.1
2393.9
2456.7
2588.5
2653.5
2716.4
2795.0
2912.3
3036.7
3129.5
3217.5
3309.3
3403.8
3486.2
3571.5
3590.3
3649.9
3690.4
3619.8
3666.9
3626.2
3710.7
3651.3
3712.2
3653.0
3721.9
3662.5
3705.0
3730.7
3707.7
3719.4
3687.1
3661.2
3757.1
3800.9
3820.3
3790.3
3829.8
3784.7
3802.3
3758.2
3773.7
3816.5
3796.1
3802.5
3807.8
3762.1
3766.0
3811.6
3760.8
3829.8
3789.5
3817.4
3765.9
3842.1
3853.4
3882.5
3832.8
3878.3
3832.9
3877.6
3821.6
3854.5
3821.4
3877.0
3826.9
3878.5
3809.8
3826.3
3850.9
3829.3
3844.3
3855.5
3789.0
3800.4
3853.0
3875.5
3839.0
3851.9
3811.1
3874.6
3801.1
3857.1
3833.7
3842.4
3838.4
3852.6
3852.3
3824.0
3827.4
3829.4
3832.0
3831.8
621.1
