1199.3
1670.9
2006.3
2209.4
2391.2
2721.2
2915.5
3092.6
3220.3
3376.2
3541.5
3580.8
3577.0
3569.9
3596.5
3632.9
3660.7
3642.6
3640.3
3594.9
3641.7
3657.5
3666.2
3756.5
3795.8
3824.5
3761.6
3812.7
3749.7
3811.1
3793.3
3749.7
3785.7
3755.5
3808.9
3788.7
3771.2
3791.3
3833.5
3821.5
3848.3
3841.4
3868.0
3887.8
3818.8
3876.1
3879.5
3876.3
3822.4
3842.9
3870.9
3859.7
3850.6
3867.9
3824.7
3782.7
3847.6
3838.2
3796.2
3841.4
3870.2
3830.4
3831.7
3834.5
2269.2
2329.8
2373.9
2413.0
2448.0
2485.9
2525.6
2551.4
2589.4
2628.6
2655.1
2694.2
2733.2
2768.9
2803.8
2839.9
2887.2
2926.7
2961.9
2990.9
3028.5
3066.6
3101.8
3140.9
3174.8
3210.9
3246.9
3283.2
3319.4
3356.0
3393.2
3433.3
3471.7
3502.6
3541.2
3572.9
3608.5
3647.6
3682.6
3721.1
3761.5
3796.7
3829.7
3755.8
3796.8
3833.4
3745.4
3818.2
3801.3
3767.3
3802.2
3833.8
3798.3
3770.9
3811.6
3831.2
3739.1
3779.0
3821.1
3764.3
3776.4
3816.5
3821.2
3761.9
3799.3
3804.0
3768.7
3783.5
3826.0
3805.5
3776.0
3815.6
3822.4
3765.5
3798.7
3833.6
3792.3
3784.7
3827.3
3800.5
3782.2
3821.4
3810.4
3778.3
3812.6
3780.7
3760.6
3798.2
3847.1
3811.9
3837.2
3831.3
3855.5
3865.6
3864.5
3802.8
3827.2
3859.7
3868.5
3890.8
3828.2
3821.7
3828.7
