0.0
0.0
0.0
0.0
0.0
0.0
0.0
0.0
0.0
0.0
0.0
0.0
0.0
0.0
0.0
0.0
0.0
0.0
0.0
0.0
0.0
0.0
0.0
0.0
0.0
0.0
0.0
0.0
0.0
2.0
3.5
4.5
28.2
74.9
113.2
146.9
220.0
238.4
312.3
333.7
404.4
423.2
496.6
502.7
587.2
621.6
670.7
717.4
768.7
846.4
953.8
1006.6
1060.2
1130.8
1243.8
1308.4
1385.3
1422.0
1487.4
1553.0
1585.7
1637.8
1685.1
1724.0
1784.1
1879.7
1903.7
1969.0
1981.5
2038.3
2099.7
2169.5
2172.0
2235.8
2266.9
2323.4
2355.0
2409.0
2429.1
2499.6
2540.5
2638.1
2660.0
2724.2
2755.3
2844.9
2907.9
2953.1
3016.3
3039.5
3065.8
3138.3
3231.9
3258.8
3344.3
3394.5
3444.5
3514.3
3551.2
3642.3
3668.6
3744.2
3782.8
3841.3
3876.5
3912.1
3915.8
3915.8
3915.7
3916.0
3915.9
451.8
