0.0
0.0
0.0
0.0
0.0
0.0
0.0
0.0
0.3
2.3
8.3
74.2
184.8
274.9
353.1
445.6
579.4
698.6
813.0
943.0
992.3
1071.2
1158.8
1179.4
1251.0
1313.2
1435.1
1496.7
1632.9
1672.8
1751.9
1847.8
1908.2
2017.2
2067.4
2133.6
2204.4
2280.4
2338.2
2404.7
2456.4
2537.2
2614.7
2709.9
2834.6
2869.0
2956.9
3047.2
3130.6
3185.3
3244.3
3313.6
3375.9
3440.7
3524.0
3628.4
3671.1
3740.8
3822.6
3870.6
3916.0
3915.8
3915.9
3915.8
2226.3
2218.0
2209.5
2197.5
2197.3
2197.3
2197.0
2194.8
2194.8
2194.5
2194.5
2194.5
2194.5
2194.5
2194.5
2194.5
2193.5
2192.3
2192.3
2192.3
2192.3
2192.3
2192.3
2192.3
2192.3
2192.3
2192.3
2192.3
2192.3
2192.3
2192.3
2192.3
2192.3
2192.3
2192.3
2192.3
2192.3
2192.3
2192.3
2192.3
2192.3
2192.3
2200.5
2291.2
2291.2
2291.2
2388.0
2388.0
2424.2
2488.1
2488.1
2491.9
2542.1
2601.9
2601.9
2615.3
2713.7
2713.7
2713.7
2779.0
2810.3
2810.3
2829.8
2915.2
2915.2
2942.9
3002.2
3030.4
3030.4
3073.6
3129.1
3129.1
3153.6
3230.3
3230.3
3230.3
3293.6
3330.2
3330.2
3384.1
3431.5
3431.5
3470.4
3532.4
3532.4
3592.0
3643.3
3643.3
3644.3
3702.7
3710.9
3746.9
3752.8
3772.1
3804.9
3889.5
3901.5
3902.2
3915.8
3915.8
3915.9
3915.8
3915.9
